0.0
0.0
0.0
0.0
0.0
0.0
0.0
0.0
0.0
0.0
0.0
0.0
0.0
0.0
0.0
0.0
0.0
0.0
0.0
0.0
0.0
0.0
0.0
0.0
0.0
0.0
0.0
0.0
0.0
0.0
0.0
0.0
0.0
0.0
0.0
0.0
0.0
0.0
0.0
0.0
0.0
0.0
0.0
0.0
0.0
0.0
0.0
0.0
0.0
0.0
0.0
0.0
0.0
0.0
0.0
0.0
0.0
0.0
0.0
0.0
0.0
4.0
17.0
31.0
51.0
84.0
149.0
271.0
406.0
527.0
627.0
706.0
767.0
813.0
847.0
873.0
892.0
906.0
917.0
924.0
930.0
935.0
938.0
940.0
942.0
943.0
944.0
945.0
946.0
946.0
947.0
947.0
948.0
948.0
948.0
948.0
948.0
948.0
948.0
948.0
948.0
948.0
948.0
948.0
948.0
948.0
948.0
946.0
920.0
857.0
763.0
654.0
551.0
466.0
422.0
436.0
478.0
476.0
350.0
180.0
92.0
47.0
24.0
12.0
6.0
3.0
1.0
0.0
0.0
0.0
0.0
0.0
0.0
0.0
0.0
0.0
0.0
0.0
0.0
0.0
0.0
0.0
0.0
0.0
0.0
0.0
0.0
0.0
0.0
0.0
0.0
0.0
0.0
0.0
0.0
0.0
0.0
0.0
0.0
0.0
0.0
0.0
0.0
0.0
0.0
0.0
0.0
0.0
0.0
0.0
0.0
0.0
0.0
0.0
0.0
0.0
0.0
0.0
0.0
0.0
0.0
0.0
0.0
0.0
0.0
0.0
0.0
0.0
0.0
0.0
0.0
0.0
0.0
0.0
0.0
0.0
0.0
0.0
0.0
0.0
0.0
0.0
0.0
0.0
0.0
0.0
0.0
0.0
0.0
0.0
0.0
0.0
0.0
0.0
0.0
0.0
0.0
0.0
0.0
0.0
0.0
0.0
0.0
0.0
0.0
0.0
0.0
0.0
0.0
0.0
0.0
0.0
0.0
0.0
0.0
0.0
0.0
0.0
0.0
0.0
0.0
0.0
0.0
0.0
0.0
0.0
0.0
0.0
0.0
0.0
0.0
0.0
0.0
0.0
0.0
0.0
0.0
0.0
0.0
0.0
0.0
0.0
0.0
0.0
0.0
0.0
0.0
0.0
0.0
0.0
0.0
0.0
0.0
0.0
0.0
0.0
0.0
0.0
0.0
0.0
0.0
0.0
0.0
0.0
0.0
0.0
0.0
0.0
0.0
0.0
0.0
0.0
0.0
0.0
0.0
0.0
0.0
0.0
0.0
0.0
0.0
0.0
0.0
0.0
0.0
0.0
0.0
0.0
0.0
0.0
0.0
0.0
0.0
0.0
0.0
0.0
0.0
0.0
0.0
0.0
0.0
0.0
0.0
0.0
0.0
0.0
0.0
0.0
0.0
0.0
0.0
0.0
0.0
0.0
0.0
0.0
0.0
0.0
0.0
0.0
0.0
0.0
0.0
5.0
12.0
21.0
31.0
40.0
49.0
57.0
64.0
71.0
77.0
82.0
87.0
91.0
95.0
99.0
103.0
107.0
112.0
117.0
123.0
129.0
136.0
143.0
149.0
155.0
161.0
167.0
173.0
178.0
183.0
188.0
193.0
198.0
203.0
208.0
213.0
218.0
223.0
228.0
232.0
237.0
241.0
245.0
248.0
250.0
252.0
253.0
252.0
250.0
246.0
241.0
235.0
229.0
222.0
215.0
207.0
198.0
188.0
177.0
165.0
152.0
139.0
126.0
112.0
98.0
84.0
70.0
58.0
47.0
36.0
26.0
15.0
7.0
3.0
1.0
0.0
0.0
0.0
0.0
0.0
0.0
0.0
0.0
0.0
0.0
0.0
0.0
0.0
0.0
0.0
0.0
0.0
0.0
0.0
0.0
0.0
0.0
0.0
0.0
0.0
0.0
0.0
0.0
0.0
0.0
0.0
0.0
0.0
0.0
0.0
0.0
0.0
0.0
0.0
0.0
0.0
0.0
0.0
0.0
0.0
0.0
0.0
0.0
0.0
0.0
0.0
0.0
0.0
0.0
0.0
0.0
0.0
0.0
0.0
0.0
0.0
0.0
0.0
0.0
0.0
0.0
0.0
0.0
0.0
0.0
4.0
11.0
19.0
29.0
38.0
48.0
57.0
67.0
77.0
86.0
95.0
104.0
112.0
120.0
127.0
134.0
140.0
145.0
150.0
156.0
161.0
167.0
172.0
178.0
184.0
190.0
196.0
202.0
207.0
212.0
215.0
218.0
220.0
221.0
221.0
221.0
219.0
217.0
214.0
211.0
208.0
205.0
202.0
200.0
198.0
197.0
196.0
196.0
196.0
196.0
197.0
198.0
199.0
201.0
203.0
205.0
207.0
210.0
212.0
215.0
217.0
220.0
222.0
223.0
223.0
223.0
222.0
221.0
220.0
218.0
216.0
214.0
211.0
208.0
205.0
203.0
202.0
202.0
202.0
203.0
204.0
205.0
206.0
207.0
207.0
207.0
207.0
207.0
206.0
205.0
203.0
201.0
199.0
197.0
194.0
191.0
188.0
185.0
181.0
178.0
173.0
166.0
158.0
150.0
140.0
130.0
118.0
105.0
92.0
77.0
60.0
43.0
25.0
12.0
6.0
3.0
1.0
0.0
0.0
0.0
0.0
0.0
0.0
0.0
0.0
0.0
0.0
0.0
0.0
0.0
0.0
0.0
0.0
0.0
0.0
0.0
0.0
0.0
0.0
0.0
0.0
0.0
0.0
0.0
0.0
0.0
0.0
0.0
0.0
0.0
0.0
0.0
0.0
0.0
0.0
0.0
0.0
0.0
0.0
0.0
0.0
0.0
0.0
0.0
0.0
0.0
0.0
0.0
0.0
0.0
0.0
0.0
0.0
0.0
0.0
0.0
0.0
0.0
0.0
0.0
0.0
0.0
0.0
0.0
0.0
0.0
0.0
0.0
0.0
0.0
0.0
0.0
0.0
0.0
0.0
0.0
0.0
0.0
0.0
0.0
0.0
0.0
0.0
0.0
0.0
0.0
0.0
0.0
0.0
0.0
0.0
3.0
10.0
19.0
29.0
39.0
49.0
58.0
67.0
74.0
80.0
85.0
90.0
94.0
98.0
102.0
106.0
109.0
111.0
113.0
115.0
117.0
120.0
123.0
126.0
129.0
132.0
135.0
138.0
141.0
144.0
146.0
148.0
150.0
152.0
154.0
156.0
158.0
159.0
160.0
161.0
161.0
163.0
165.0
168.0
170.0
171.0
172.0
173.0
173.0
173.0
173.0
173.0
173.0
173.0
173.0
172.0
171.0
169.0
168.0
167.0
165.0
163.0
160.0
156.0
150.0
144.0
136.0
128.0
119.0
110.0
101.0
93.0
86.0
80.0
74.0
70.0
66.0
64.0
62.0
61.0
60.0
59.0
58.0
57.0
57.0
57.0
56.0
56.0
56.0
56.0
57.0
58.0
58.0
59.0
59.0
58.0
57.0
55.0
52.0
50.0
47.0
44.0
41.0
37.0
32.0
26.0
20.0
13.0
6.0
3.0
1.0
0.0
0.0
0.0
0.0
0.0
0.0
0.0
0.0
0.0
0.0
0.0
0.0
0.0
0.0
0.0
0.0
0.0
0.0
0.0
0.0
0.0
0.0
0.0
0.0
0.0
0.0
0.0
0.0
0.0
0.0
0.0
0.0
0.0
0.0
0.0
0.0
0.0
0.0
0.0
0.0
0.0
0.0
0.0
0.0
0.0
0.0
0.0
0.0
0.0
0.0
0.0
0.0
0.0
0.0
0.0
0.0
0.0
0.0
0.0
0.0
0.0
0.0
0.0
0.0
0.0
0.0
0.0
0.0
0.0
0.0
0.0
0.0
0.0
0.0
0.0
0.0
0.0
0.0
0.0
0.0
0.0
0.0
0.0
0.0
0.0
0.0
0.0
0.0
0.0
0.0
0.0
0.0
0.0
0.0
0.0
0.0
0.0
0.0
0.0
0.0
0.0
0.0
0.0
0.0
0.0
0.0
0.0
0.0
0.0
0.0
0.0
0.0
0.0
0.0
0.0
0.0
0.0
0.0
0.0
0.0
0.0
4.0
14.0
26.0
40.0
54.0
68.0
81.0
94.0
105.0
113.0
118.0
120.0
120.0
116.0
110.0
104.0
98.0
95.0
92.0
90.0
89.0
87.0
84.0
81.0
77.0
72.0
66.0
61.0
56.0
52.0
48.0
45.0
41.0
38.0
36.0
34.0
32.0
31.0
30.0
30.0
29.0
29.0
29.0
30.0
32.0
34.0
37.0
42.0
47.0
52.0
58.0
64.0
70.0
76.0
81.0
86.0
91.0
96.0
100.0
105.0
110.0
116.0
122.0
128.0
134.0
141.0
148.0
155.0
162.0
170.0
177.0
184.0
191.0
197.0
202.0
206.0
209.0
211.0
213.0
214.0
214.0
214.0
214.0
214.0
214.0
213.0
211.0
209.0
206.0
202.0
197.0
192.0
185.0
177.0
167.0
156.0
143.0
129.0
114.0
99.0
84.0
70.0
57.0
46.0
36.0
27.0
18.0
9.0
4.0
2.0
1.0
0.0
0.0
0.0
0.0
0.0
0.0
0.0
0.0
0.0
0.0
0.0
0.0
0.0
0.0
0.0
0.0
0.0
0.0
0.0
0.0
0.0
0.0
0.0
0.0
0.0
0.0
0.0
0.0
0.0
0.0
0.0
0.0
0.0
0.0
0.0
0.0
0.0
0.0
0.0
0.0
0.0
0.0
0.0
0.0
0.0
0.0
0.0
0.0
0.0
0.0
0.0
0.0
0.0
0.0
0.0
0.0
0.0
0.0
0.0
0.0
0.0
0.0
0.0
0.0
0.0
0.0
0.0
0.0
2.0
7.0
13.0
19.0
25.0
30.0
35.0
39.0
42.0
44.0
45.0
45.0
44.0
43.0
41.0
39.0
38.0
37.0
37.0
38.0
39.0
42.0
46.0
50.0
55.0
60.0
65.0
70.0
75.0
81.0
87.0
93.0
98.0
104.0
109.0
114.0
118.0
122.0
125.0
128.0
131.0
134.0
136.0
137.0
138.0
138.0
138.0
138.0
138.0
139.0
140.0
141.0
142.0
143.0
144.0
145.0
146.0
147.0
148.0
149.0
149.0
147.0
144.0
139.0
132.0
123.0
113.0
102.0
90.0
77.0
64.0
50.0
36.0
21.0
10.0
5.0
2.0
1.0
0.0
0.0
0.0
0.0
0.0
0.0
0.0
0.0
0.0
0.0
0.0
0.0
0.0
0.0
0.0
0.0
0.0
0.0
0.0
0.0
0.0
0.0
0.0
0.0
0.0
0.0
0.0
0.0
0.0
0.0
0.0
0.0
0.0
0.0
0.0
0.0
0.0
0.0
0.0
0.0
0.0
0.0
0.0
0.0
1.0
7.0
14.0
23.0
31.0
39.0
47.0
55.0
63.0
71.0
79.0
87.0
95.0
104.0
114.0
125.0
137.0
149.0
162.0
176.0
190.0
205.0
218.0
231.0
243.0
254.0
262.0
268.0
272.0
275.0
276.0
276.0
275.0
273.0
269.0
264.0
257.0
248.0
238.0
228.0
217.0
208.0
199.0
191.0
182.0
175.0
167.0
160.0
152.0
145.0
138.0
132.0
127.0
122.0
117.0
113.0
109.0
106.0
103.0
101.0
99.0
97.0
94.0
92.0
89.0
86.0
83.0
80.0
77.0
73.0
68.0
62.0
55.0
48.0
40.0
31.0
22.0
14.0
7.0
3.0
1.0
0.0
0.0
0.0
0.0
0.0
0.0
0.0
0.0
0.0
0.0
0.0
0.0
0.0
0.0
0.0
0.0
0.0
0.0
0.0
0.0
0.0
0.0
0.0
0.0
0.0
0.0
0.0
0.0
0.0
0.0
0.0
0.0
0.0
0.0
0.0
0.0
0.0
0.0
0.0
0.0
0.0
0.0
0.0
0.0
0.0
0.0
0.0
0.0
0.0
0.0
0.0
0.0
0.0
0.0
0.0
0.0
0.0
0.0
0.0
0.0
0.0
0.0
0.0
0.0
0.0
0.0
0.0
0.0
0.0
0.0
0.0
0.0
0.0
0.0
0.0
0.0
0.0
0.0
0.0
0.0
0.0
0.0
0.0
0.0
0.0
0.0
0.0
0.0
0.0
0.0
0.0
0.0
0.0
0.0
0.0
0.0
0.0
0.0
0.0
1.0
7.0
16.0
27.0
39.0
53.0
67.0
81.0
94.0
106.0
115.0
123.0
129.0
134.0
138.0
141.0
143.0
144.0
145.0
145.0
145.0
145.0
145.0
145.0
145.0
146.0
146.0
147.0
147.0
148.0
149.0
151.0
152.0
153.0
154.0
155.0
155.0
156.0
158.0
159.0
161.0
164.0
167.0
169.0
171.0
173.0
174.0
176.0
177.0
178.0
180.0
181.0
183.0
185.0
187.0
189.0
192.0
195.0
199.0
203.0
208.0
212.0
215.0
216.0
216.0
215.0
213.0
209.0
205.0
200.0
195.0
189.0
182.0
175.0
168.0
161.0
155.0
150.0
146.0
143.0
141.0
140.0
139.0
139.0
139.0
139.0
140.0
141.0
142.0
142.0
142.0
142.0
141.0
140.0
139.0
138.0
138.0
138.0
138.0
138.0
138.0
137.0
135.0
131.0
126.0
120.0
113.0
105.0
96.0
85.0
72.0
58.0
44.0
30.0
16.0
8.0
4.0
2.0
1.0
0.0
0.0
0.0
0.0
0.0
0.0
0.0
0.0
0.0
0.0
0.0
0.0
0.0
0.0
0.0
0.0
0.0
0.0
0.0
0.0
0.0
0.0
0.0
0.0
0.0
0.0
0.0
0.0
0.0
0.0
0.0
0.0
0.0
0.0
0.0
0.0
0.0
0.0
0.0
0.0
0.0
0.0
0.0
0.0
0.0
0.0
0.0
0.0
0.0
0.0
0.0
0.0
0.0
0.0
0.0
0.0
0.0
0.0
0.0
0.0
0.0
0.0
0.0
0.0
0.0
0.0
0.0
0.0
0.0
0.0
0.0
0.0
0.0
0.0
0.0
0.0
0.0
0.0
0.0
0.0
0.0
0.0
0.0
0.0
0.0
0.0
0.0
0.0
0.0
0.0
0.0
3.0
6.0
9.0
13.0
17.0
20.0
24.0
28.0
32.0
36.0
40.0
44.0
47.0
50.0
51.0
51.0
51.0
50.0
49.0
48.0
48.0
48.0
49.0
50.0
52.0
55.0
58.0
61.0
65.0
69.0
73.0
76.0
80.0
83.0
87.0
90.0
93.0
96.0
99.0
102.0
105.0
107.0
109.0
111.0
113.0
114.0
115.0
116.0
117.0
117.0
118.0
118.0
119.0
119.0
120.0
121.0
122.0
123.0
124.0
125.0
126.0
127.0
129.0
130.0
132.0
133.0
134.0
135.0
137.0
138.0
139.0
140.0
141.0
141.0
142.0
142.0
143.0
144.0
144.0
144.0
144.0
144.0
144.0
144.0
144.0
144.0
144.0
144.0
144.0
143.0
143.0
143.0
143.0
142.0
141.0
140.0
139.0
138.0
137.0
136.0
135.0
134.0
134.0
133.0
132.0
131.0
131.0
130.0
129.0
128.0
128.0
127.0
126.0
124.0
123.0
121.0
118.0
114.0
109.0
102.0
95.0
86.0
78.0
69.0
61.0
54.0
48.0
43.0
38.0
34.0
31.0
28.0
26.0
24.0
23.0
22.0
22.0
21.0
21.0
20.0
19.0
18.0
17.0
15.0
12.0
8.0
4.0
2.0
1.0
0.0
0.0
0.0
0.0
0.0
0.0
0.0
0.0
0.0
0.0
0.0
0.0
0.0
0.0
0.0
0.0
0.0
0.0
0.0
0.0
0.0
0.0
0.0
0.0
0.0
0.0
0.0
0.0
0.0
0.0
0.0
0.0
0.0
0.0
0.0
0.0
0.0
0.0
0.0
0.0
0.0
0.0
0.0
0.0
0.0
0.0
0.0
0.0
0.0
0.0
0.0
0.0
0.0
0.0
0.0
0.0
0.0
0.0
0.0
0.0
0.0
0.0
0.0
0.0
0.0
0.0
0.0
0.0
0.0
0.0
0.0
0.0
0.0
0.0
0.0
0.0
0.0
0.0
0.0
4.0
12.0
22.0
33.0
45.0
57.0
69.0
81.0
93.0
103.0
112.0
120.0
127.0
133.0
138.0
143.0
146.0
149.0
152.0
153.0
154.0
154.0
154.0
153.0
153.0
152.0
152.0
151.0
151.0
151.0
151.0
151.0
151.0
151.0
151.0
151.0
151.0
151.0
151.0
150.0
149.0
147.0
145.0
143.0
141.0
139.0
137.0
135.0
134.0
132.0
131.0
129.0
128.0
127.0
125.0
124.0
123.0
123.0
122.0
122.0
122.0
122.0
123.0
124.0
125.0
125.0
125.0
125.0
125.0
124.0
123.0
122.0
121.0
120.0
118.0
116.0
114.0
112.0
110.0
108.0
105.0
102.0
98.0
93.0
85.0
75.0
62.0
48.0
33.0
19.0
9.0
4.0
2.0
1.0
0.0
0.0
0.0
0.0
0.0
0.0
0.0
0.0
0.0
0.0
0.0
0.0
0.0
0.0
0.0
0.0
0.0
0.0
0.0
0.0
0.0
0.0
0.0
0.0
0.0
0.0
0.0
0.0
0.0
0.0
0.0
0.0
0.0
0.0
0.0
0.0
0.0
0.0
0.0
0.0
0.0
0.0
0.0
0.0
0.0
0.0
0.0
0.0
0.0
0.0
0.0
0.0
0.0
0.0
0.0
0.0
0.0
0.0
0.0
0.0
0.0
0.0
0.0
0.0
0.0
0.0
0.0
0.0
0.0
0.0
0.0
0.0
0.0
0.0
0.0
0.0
0.0
0.0
0.0
0.0
0.0
0.0
0.0
0.0
0.0
0.0
4.0
14.0
26.0
39.0
51.0
62.0
72.0
82.0
91.0
99.0
106.0
113.0
118.0
123.0
127.0
130.0
132.0
134.0
135.0
137.0
138.0
139.0
139.0
140.0
140.0
141.0
142.0
144.0
146.0
147.0
148.0
149.0
149.0
148.0
147.0
146.0
146.0
146.0
147.0
149.0
151.0
153.0
154.0
156.0
157.0
157.0
157.0
157.0
156.0
155.0
154.0
153.0
151.0
148.0
145.0
141.0
136.0
131.0
124.0
115.0
103.0
90.0
75.0
60.0
45.0
31.0
18.0
9.0
4.0
2.0
1.0
0.0
0.0
0.0
0.0
0.0
0.0
0.0
0.0
0.0
0.0
0.0
0.0
0.0
0.0
0.0
0.0
0.0
0.0
0.0
0.0
0.0
0.0
0.0
0.0
0.0
0.0
0.0
0.0
0.0
0.0
0.0
0.0
0.0
0.0
0.0
0.0
0.0
0.0
0.0
0.0
0.0
0.0
0.0
0.0
0.0
0.0
0.0
0.0
0.0
0.0
0.0
0.0
0.0
0.0
0.0
0.0
0.0
0.0
0.0
0.0
0.0
0.0
0.0
0.0
0.0
0.0
0.0
0.0
0.0
0.0
0.0
0.0
0.0
0.0
0.0
0.0
0.0
0.0
0.0
0.0
0.0
0.0
0.0
0.0
0.0
0.0
0.0
0.0
0.0
0.0
0.0
0.0
0.0
0.0
0.0
0.0
0.0
0.0
0.0
3.0
7.0
13.0
20.0
28.0
37.0
47.0
58.0
68.0
78.0
87.0
94.0
101.0
107.0
113.0
118.0
123.0
128.0
132.0
135.0
137.0
138.0
140.0
141.0
143.0
145.0
147.0
149.0
151.0
153.0
155.0
157.0
158.0
158.0
158.0
156.0
154.0
151.0
147.0
143.0
139.0
135.0
132.0
129.0
127.0
126.0
125.0
124.0
123.0
123.0
123.0
123.0
123.0
123.0
123.0
123.0
123.0
123.0
123.0
123.0
123.0
123.0
123.0
123.0
123.0
123.0
122.0
121.0
119.0
116.0
114.0
111.0
108.0
105.0
102.0
97.0
92.0
86.0
79.0
71.0
62.0
52.0
40.0
28.0
16.0
8.0
4.0
2.0
1.0
0.0
0.0
0.0
0.0
0.0
0.0
0.0
0.0
0.0
0.0
0.0
0.0
0.0
0.0
0.0
0.0
0.0
0.0
0.0
0.0
0.0
0.0
0.0
0.0
0.0
0.0
0.0
0.0
0.0
0.0
0.0
0.0
0.0
0.0
0.0
0.0
0.0
0.0
0.0
0.0
0.0
0.0
0.0
0.0
0.0
0.0
0.0
0.0
0.0
0.0
0.0
0.0
0.0
0.0
0.0
0.0
0.0
0.0
0.0
0.0
0.0
0.0
0.0
0.0
0.0
0.0
0.0
0.0
0.0
0.0
0.0
0.0
0.0
0.0
0.0
0.0
0.0
0.0
0.0
0.0
0.0
0.0
0.0
0.0
0.0
0.0
0.0
0.0
2.0
8.0
17.0
27.0
37.0
48.0
58.0
67.0
76.0
84.0
91.0
98.0
105.0
112.0
119.0
125.0
131.0
136.0
140.0
144.0
148.0
151.0
153.0
155.0
156.0
158.0
159.0
160.0
161.0
162.0
163.0
163.0
163.0
163.0
162.0
161.0
159.0
157.0
154.0
150.0
146.0
142.0
137.0
132.0
126.0
119.0
111.0
101.0
89.0
75.0
60.0
45.0
29.0
15.0
7.0
3.0
1.0
0.0
0.0
0.0
0.0
0.0
0.0
0.0
0.0
0.0
0.0
0.0
0.0
0.0
0.0
0.0
0.0
0.0
0.0
0.0
0.0
0.0
0.0
0.0
0.0
0.0
0.0
0.0
0.0
0.0
0.0
0.0
0.0
0.0
0.0
0.0
0.0
0.0
0.0
0.0
0.0
0.0
0.0
0.0
0.0
0.0
0.0
0.0
0.0
0.0
0.0
0.0
0.0
0.0
0.0
0.0
0.0
0.0
0.0
0.0
0.0
0.0
0.0
0.0
0.0
0.0
0.0
0.0
0.0
0.0
0.0
0.0
0.0
0.0
0.0
0.0
0.0
0.0
0.0
0.0
0.0
0.0
0.0
0.0
0.0
0.0
0.0
0.0
0.0
0.0
0.0
0.0
1.0
6.0
13.0
21.0
29.0
38.0
46.0
52.0
56.0
58.0
58.0
58.0
56.0
52.0
48.0
42.0
35.0
28.0
20.0
13.0
6.0
3.0
1.0
0.0
0.0
0.0
0.0
0.0
0.0
0.0
0.0
0.0
0.0
0.0
0.0
0.0
0.0
0.0
0.0
0.0
0.0
0.0
0.0
0.0
0.0
0.0
0.0
0.0
0.0
0.0
0.0
0.0
0.0
0.0
0.0
0.0
0.0
0.0
0.0
0.0
0.0
3.0
8.0
14.0
18.0
21.0
23.0
25.0
26.0
26.0
26.0
26.0
26.0
25.0
24.0
24.0
25.0
26.0
28.0
30.0
32.0
35.0
37.0
40.0
43.0
45.0
47.0
49.0
51.0
52.0
53.0
54.0
54.0
54.0
53.0
51.0
49.0
45.0
41.0
37.0
33.0
28.0
23.0
18.0
13.0
8.0
4.0
2.0
1.0
0.0
0.0
0.0
0.0
0.0
0.0
0.0
0.0
0.0
0.0
0.0
0.0
0.0
0.0
0.0
0.0
0.0
0.0
0.0
0.0
0.0
0.0
0.0
0.0
0.0
0.0
0.0
0.0
0.0
0.0
0.0
0.0
0.0
0.0
0.0
0.0
0.0
0.0
0.0
0.0
0.0
0.0
0.0
0.0
0.0
0.0
0.0
0.0
0.0
0.0
0.0
0.0
0.0
0.0
0.0
0.0
0.0
2.0
6.0
10.0
12.0
14.0
14.0
13.0
9.0
4.0
2.0
1.0
0.0
0.0
0.0
0.0
0.0
0.0
0.0
0.0
0.0
0.0
0.0
1.0
6.0
13.0
19.0
24.0
28.0
31.0
33.0
35.0
37.0
40.0
43.0
46.0
48.0
49.0
49.0
47.0
44.0
41.0
36.0
31.0
25.0
19.0
13.0
8.0
4.0
2.0
1.0
0.0
0.0
0.0
0.0
3.0
6.0
10.0
14.0
19.0
24.0
29.0
33.0
37.0
40.0
43.0
45.0
46.0
47.0
47.0
47.0
47.0
46.0
43.0
39.0
34.0
29.0
23.0
16.0
9.0
4.0
2.0
1.0
0.0
0.0
0.0
0.0
0.0
0.0
0.0
0.0
0.0
0.0
0.0
2.0
5.0
8.0
11.0
14.0
17.0
20.0
23.0
25.0
27.0
29.0
31.0
32.0
33.0
33.0
33.0
33.0
34.0
34.0
34.0
34.0
35.0
35.0
36.0
36.0
36.0
36.0
36.0
36.0
36.0
36.0
36.0
36.0
37.0
38.0
39.0
40.0
42.0
43.0
45.0
46.0
48.0
49.0
50.0
51.0
52.0
53.0
53.0
53.0
53.0
53.0
53.0
53.0
53.0
53.0
54.0
55.0
57.0
58.0
60.0
61.0
63.0
65.0
67.0
68.0
70.0
72.0
74.0
75.0
76.0
76.0
74.0
71.0
67.0
62.0
58.0
54.0
51.0
49.0
47.0
46.0
46.0
46.0
46.0
47.0
49.0
51.0
54.0
57.0
60.0
63.0
67.0
71.0
74.0
77.0
79.0
80.0
80.0
80.0
79.0
78.0
77.0
75.0
73.0
71.0
70.0
69.0
68.0
67.0
66.0
65.0
64.0
64.0
64.0
65.0
67.0
69.0
70.0
71.0
72.0
72.0
72.0
73.0
74.0
74.0
75.0
76.0
77.0
79.0
81.0
83.0
85.0
86.0
88.0
90.0
92.0
94.0
95.0
97.0
98.0
100.0
101.0
102.0
103.0
103.0
103.0
102.0
101.0
99.0
97.0
95.0
92.0
89.0
86.0
83.0
79.0
75.0
71.0
65.0
59.0
52.0
45.0
38.0
32.0
26.0
21.0
18.0
15.0
13.0
12.0
11.0
11.0
11.0
11.0
11.0
12.0
12.0
12.0
13.0
13.0
13.0
13.0
13.0
12.0
11.0
9.0
7.0
5.0
3.0
1.0
0.0
0.0
0.0
0.0
0.0
0.0
0.0
0.0
0.0
0.0
0.0
0.0
0.0
0.0
0.0
0.0
